x <-
structure(c(1L, 2L, 1L, 1L, 2L), levels = c("male", "female"), class = "factor")
y <-
structure(list(a = c(1, 2, 3, 4), b = c(2000, 800, 99, 4.2000000000000002
)), class = "data.frame", row.names = c(NA, -4L))
